% Parameters 
P = 283;
% Inputs
u1 = [0 0 1 0 0 0 1];
u2 = [0 0 0 1 1 0 1];
q = [1 1 0];

%CLM_mul(u1, u2, q, 25)
CLM_pow([1 0 0 0 0 0 0], 2, [0 0 0], 25)